-270,-6.458			
-269,-6.457			
-268,-6.456			
-267,-6.455			
-266,-6.453			
-265,-6.452			
-264,-6.45			
-263,-6.448			
-262,-6.446			
-261,-6.444			
-260,-6.441			
-259,-6.438			
-258,-6.435			
-257,-6.432			
-256,-6.429			
-255,-6.425			
-254,-6.421			
-253,-6.417			
-252,-6.413			
-251,-6.408			
-250,-6.404			
-249,-6.399			
-248,-6.394			
-247,-6.388			
-246,-6.382			
-245,-6.377			
-244,-6.364			
-243,-6.358			
-242,-6.351			
-241,-6.344			
-240,-6.311			
-239,-6.331			
-238,-6.329			
-237,-6.322			
-236,-6.314			
-235,-6.306			
-234,-6.297			
-233,-6.289			
-232,-6.28			
-231,-6.271			
-230,-6.262			
-229,-6.253			
-228,-6.243			
-227,-6.233			
-226,-6.223			
-225,-6.213			
-224,-6.202			
-223,-6.192			
-222,-6.181			
-221,-6.17			
-220,-6.158			
-219,-6.147			
-218,-6.135			
-217,-6.123			
-216,-6.111			
-215,-6.099			
-214,-6.087			
-213,-6.074			
-212,-6.061			
-211,-6.048			
-210,-6.035			
-209,-6.021			
-208,-6.007			
-207,-5.994			
-206,-5.98			
-205,-5.965			
-204,-5.951			
-203,-5.936			
-202,-5.922			
-201,-5.907			
-200,-5.891			
-199,-5.876			
-198,-5.86			
-197,-5.845			
-196,-5.829			
-195,-5.813			
-194,-5.796			
-193,-5.78			
-192,-5.763			
-191,-5.741			
-190,-5.73			
-189,-5.712			
-188,-5.695			
-187,-5.678			
-186,-5.66			
-185,-5.642			
-184,-5.624			
-183,-5.606			
-182,-5.587			
-181,-5.569			
-180,-5.55			
-179,-5.531			
-178,-5.512			
-177,-5.493			
-176,-5.474			
-175,-5.454			
-174,-5.434			
-173,-5.414			
-172,-5.394			
-171,-5.374			
-170,-5.354			
-169,-5.333			
-168,-5.313			
-167,-5.292			
-166,-5.271			
-165,-5.249			
-164,-5.228			
-163,-5.207			
-162,-5.185			
-161,-5.163			
-160,-5.141			
-159,-5.119			
-158,-5.097			
-157,-5.074			
-156,-5.051			
-155,-5.029			
-154,-5.006			
-153,-4.983			
-152,-4.959			
-151,-4.936			
-150,-4.912			
-149,-4.889			
-148,-4.865			
-147,-4.841			
-146,-4.817			
-145,-4.792			
-144,-4.768			
-143,-4.743			
-142,-4.719			
-141,-4.694			
-140,-4.669			
-139,-4.644			
-138,-4.618			
-137,-4.593			
-136,-4.567			
-135,-4.541			
-134,-4.515			
-133,-4.489			
-132,-4.463			
-131,-4.437			
-130,-4.41			
-129,-4.384			
-128,-4.357			
-127,-4.33			
-126,-4.303			
-125,-4.276			
-124,-4.248			
-123,-4.221			
-122,-4.193			
-121,-4.166			
-120,-4.138			
-119,-4.11			
-118,-4.082			
-117,-4.053			
-116,-4.025			
-115,-3.997			
-114,-3.968			
-113,-3.939			
-112,-3.91			
-111,-3.881			
-110,-3.852			
-109,-3.823			
-108,-3.793			
-107,-3.765			
-106,-3.734			
-105,-3.704			
-104,-3.674			
-103,-3.644			
-102,-3.614			
-101,-3.584			
-100,-3.553			
-99,-3.523			
-98,-3.492			
-97,-3.461			
-96,-3.43			
-95,-3.399			
-94,-3.368			
-93,-3.337			
-92,-3.305			
-91,-3.272			
-90,-3.241			
-89,-3.211			
-88,-3.179			
-87,-3.147			
-86,-3.115			
-85,-3.082			
-84,-3.05			
-83,-3.018			
-82,-2.985			
-81,-2.953			
-80,-2.92			
-79,-2.887			
-78,-2.854			
-77,-2.821			
-76,-2.788			
-75,-2.754			
-74,-2.721			
-73,-2.687			
-72,-2.654			
-71,-2.62			
-70,-2.586			
-69,-2.552			
-68,-2.518			
-67,-2.484			
-66,-2.45			
-65,-2.416			
-64,-2.381			
-63,-2.347			
-62,-2.312			
-61,-2.277			
-60,-2.243			
-59,-2.208			
-58,-2.173			
-57,-2.137			
-56,-2.102			
-55,-2.067			
-54,-2.032			
-53,-1.996			
-52,-1.961			
-51,-1.925			
-50,-1.889			
-49,-1.853			
-48,-1.817			
-47,-1.781			
-46,-1.745			
-45,-1.709			
-44,-1.673			
-43,-1.636			
-42,-1.6			
-41,-1.563			
-40,-1.527			
-39,-1.49			
-38,-1.453			
-37,-1.416			
-36,-1.379			
-35,-1.342			
-34,-1.305			
-33,-1.268			
-32,-1.231			
-31,-1.193			
-30,-1.156			
-29,-1.118			
-28,-1.081			
-27,-1.043			
-26,-1.008			
-25,-0.968			
-24,-0.93			
-23,-0.892			
-22,-0.854			
-21,-0.816			
-20,-0.777			
-19,-0.739			
-18,-0.701			
-17,-0.662			
-16,-0.624			
-15,-0.585			
-14,-0.547			
-13,-0.508			
-12,-0.469			
-11,-0.431			
-10,-0.392			
-9,-0.353			
-8,-0.314			
-7,-0.275			
-6,-0.236			
-5,-0.197			
-4,-0.157			
-3,-0.118			
-2,-0.079			
-1,-0.039			
0,0			
1,0.039			
2,0.079			
3,0.119			
4,0.158			
5,0.198			
6,0.238			
7,0.277			
8,0.317			
9,0.357			
10,0.397			
11,0.431			
12,0.477			
13,0.517			
14,0.557			
15,0.597			
16,0.637			
17,0.677			
18,0.718			
19,0.758			
20,0.798			
21,0.838			
22,0.879			
23,0.919			
24,0.96			
25,1			
26,1.041			
27,1.081			
28,1.122			
29,1.162			
30,1.203			
31,1.244			
32,1.285			
33,1.325			
34,1.366			
35,1.407			
36,1.448			
37,1.489			
38,1.529			
39,1.57			
40,1.611			
41,1.652			
42,1.693			
43,1.734			
44,1.776			
45,1.817			
46,1.858			
47,1.899			
48,1.94			
49,1.981			
50,2.022			
51,2.064			
52,2.105			
53,2.146			
54,2.188			
55,2.229			
56,2.27			
57,2.312			
58,2.353			
59,2.394			
60,2.436			
61,2.477			
62,2.519			
63,2.56			
64,2.601			
65,2.645			
66,2.684			
67,2.726			
68,2.767			
69,2.809			
70,2.85			
71,2.892			
72,2.933			
73,2.975			
74,3.016			
75,3.058			
76,3.1			
77,3.141			
78,3.183			
79,3.224			
80,3.266			
81,3.307			
82,3.349			
83,3.39			
84,3.432			
85,3.473			
86,3.515			
87,3.556			
88,3.598			
89,3.639			
90,3.681			
91,3.722			
92,3.764			
93,3.805			
94,3.847			
95,3.888			
96,3.93			
97,3.971			
98,4.012			
99,4.054			
100,4.095			
101,4.137			
102,4.178			
103,4.219			
104,4.261			
105,4.302			
106,4.343			
107,4.384			
108,4.426			
109,4.467			
110,4.508			
111,4.549			
112,4.59			
113,4.632			
114,4.673			
115,4.714			
116,4.755			
117,4.796			
118,4.837			
119,4.878			
120,4.919			
121,4.96			
122,5.001			
123,5.042			
124,5.083			
125,5.124			
126,5.164			
127,5.205			
128,5.246			
129,5.287			
130,5.327			
131,5.368			
132,5.409			
133,5.45			
134,5.49			
135,5.531			
136,5.571			
137,5.612			
138,5.652			
139,5.693			
140,5.733			
141,5.774			
142,5.814			
143,5.855			
144,5.895			
145,5.936			
146,5.976			
147,6.016			
148,6.057			
149,6.097			
150,6.137			
151,6.177			
152,6.218			
153,6.258			
154,6.298			
155,6.338			
156,6.378			
157,6.419			
158,6.459			
159,6.499			
160,6.539			
161,6.579			
162,6.619			
163,6.659			
164,6.699			
165,6.739			
166,6.779			
167,6.819			
168,6.859			
169,6.899			
170,6.939			
171,6.979			
172,7.019			
173,7.059			
174,7.099			
175,7.139			
176,7.179			
177,7.219			
178,7.259			
179,7.299			
180,7.338			
181,7.378			
182,7.418			
183,7.458			
184,7.498			
185,7.538			
186,7.578			
187,7.618			
188,7.658			
189,7.697			
190,7.737			
191,7.777			
192,7.817			
193,7.857			
194,7.897			
195,7.957			
196,7.977			
197,8.017			
198,8.057			
199,8.097			
200,8.137			
201,8.177			
202,8.216			
203,8.256			
204,8.296			
205,8.336			
206,8.376			
207,8.416			
208,8.456			
209,8.497			
210,8.537			
211,8.577			
212,8.617			
213,8.657			
214,8.697			
215,8.737			
216,8.777			
217,8.817			
218,8.857			
219,8.898			
220,8.938			
221,8.978			
222,9.018			
223,9.058			
224,9.099			
225,9.139			
226,9.179			
227,9.22			
228,9.26			
229,9.3			
230,9.341			
231,9.381			
232,9.421			
233,9.462			
234,9.502			
235,9.543			
236,9.583			
237,9.624			
238,9.664			
239,9.705			
240,9.745			
241,9.786			
242,9.826			
243,9.867			
244,9.907			
245,9.948			
246,9.989			
247,10.029			
248,10.07			
249,10.111			
250,10.151			
251,10.192			
252,10.233			
253,10.274			
254,10.315			
255,10.355			
256,10.396			
257,10.437			
258,10.478			
259,10.519			
260,10.56			
261,10.6			
262,10.641			
263,10.682			
264,10.723			
265,10.764			
266,10.805			
267,10.846			
268,10.887			
269,10.928			
270,10.969			
271,11.01			
272,11.051			
273,11.093			
274,11.134			
275,11.175			
276,11.216			
277,11.257			
278,11.298			
279,11.339			
280,11.381			
281,11.422			
282,11.463			
283,11.504			
284,11.546			
285,11.587			
286,11.628			
287,11.669			
288,11.711			
289,11.752			
290,11.793			
291,11.835			
292,11.876			
293,11.918			
294,11.959			
295,12			
296,12.042			
297,12.083			
298,12.125			
299,12.166			
300,12.207			
301,12.249			
302,12.29			
303,12.332			
304,12.373			
305,12.415			
306,12.456
307,12.498
308,12.539
309,12.581
310,12.623
311,12.664
312,12.706
313,12.747
314,12.789
315,12.831
316,12.872
317,12.914
318,12.955
319,12.997
320,13.039
321,13.08
322,13.122
323,13.164
324,13.205
325,13.247
326,13.289
327,13.331
328,13.372
329,13.414
330,13.456
331,13.497
332,13.539
333,13.581
334,13.623
335,13.665
336,13.706
337,13.748
338,13.79
339,13.832
340,13.874
341,13.915
342,13.957
343,13.999
344,14.041
345,14.083
346,14.125
347,14.167
348,14.208
349,14.25
350,14.292
351,14.334
352,14.376
353,14.418
354,14.46
355,14.502
356,14.544
357,14.586
358,14.628
359,14.67
360,14.712
361,14.754
362,14.796
363,14.838
364,14.88
365,14.922
366,14.964
367,15.006
368,15.048
369,15.09
370,15.132
371,15.174
372,15.216
373,15.258
374,15.3
375,15.342
376,15.384
377,15.426
378,15.468
379,15.51
380,15.552
381,15.594
382,15.636
383,15.679
384,15.721
385,15.763
386,15.805
387,15.847
388,15.889
389,15.931
390,15.974
391,16.016
392,16.058
393,16.1
394,16.142
395,16.184
396,16.227
397,16.269
398,16.311
399,16.353
400,16.395
401,16.438
402,16.48
403,16.522
404,16.564
405,16.607
406,16.649
407,16.691
408,16.733
409,16.776
410,16.818
411,16.86
412,16.902
413,16.945
414,16.987
415,17.029
416,17.072
417,17.114
418,17.156
419,17.199
420,17.241
421,17.283
422,17.326
423,17.368
424,17.41
425,17.453
426,17.495
427,17.537
428,17.58
429,17.622
430,17.664
431,17.707
432,17.749
433,17.792
434,17.834
435,17.876
436,17.919
437,17.961
438,18.004
439,18.046
440,18.068
441,18.131
442,18.173
443,18.216
444,18.258
445,18.301
446,18.343
447,18.385
448,18.428
449,18.47
450,18.513
451,18.555
452,18.598
453,18.64
454,18.683
455,18.725
456,18.768
457,18.81
458,18.853
459,18.895
460,18.938
461,18.98
462,19.023
463,19.065
464,19.108
465,19.15
466,19.193
467,19.235
468,19.278
469,19.32
470,19.363
471,19.405
472,19.448
473,19.49
474,19.533
475,19.576
476,19.618
477,19.661
478,19.703
479,19.746
480,19.788
481,19.831
482,19.873
483,19.916
484,19.959
485,20.001
486,20.044
487,20.086
488,20.129
489,20.172
490,20.214
491,20.257
492,20.299
493,20.342
494,20.385
495,20.427
496,20.47
497,20.512
498,20.555
499,20.598
500,20.64
501,20.683
502,20.725
503,20.768
504,20.811
505,20.853
506,20.896
507,20.938
508,20.981
509,21.024
510,21.066
511,21.109
512,21.152
513,21.194
514,21.237
515,21.28
516,21.322
517,21.365
518,21.407
519,21.45
520,21.493
521,21.535
522,21.578
523,21.621
524,21.663
525,21.706
526,21.749
527,21.791
528,21.834
529,21.876
530,21.919
531,21.962
532,22.004
533,22.047
534,22.09
535,22.132
536,22.175
537,22.218
538,22.26
539,22.303
540,22.346
541,22.388
542,22.431
543,22.473
544,22.516
545,22.559
546,22.601
547,22.644
548,22.687
549,22.729
550,22.772
551,22.815
552,22.857
553,22.9
554,22.942
555,22.985
556,23.028
557,23.07
558,23.113
559,23.156
560,23.198
561,23.241
562,23.284
563,23.326
564,23.369
565,23.411
566,23.454
567,23.497
568,23.539
569,23.582
570,23.624
571,23.667
572,23.71
573,23.752
574,23.795
575,23.837
576,23.88
577,23.923
578,23.965
579,24.008
580,24.05
581,24.093
582,24.136
583,24.178
584,24.221
585,24.263
586,24.306
587,24.348
588,24.391
589,24.434
590,24.476
591,24.519
592,24.561
593,24.604
594,24.646
595,24.689
596,24.731
597,24.774
598,24.817
599,24.859
600,24.902
601,24.944
602,24.987
603,25.029
604,25.072
605,25.114
606,25.157
607,25.199
608,25.242
609,25.284
610,25.327
611,25.369
612,25.412
613,25.454
614,25.497
615,25.539
616,25.582
617,25.624
618,25.666
619,25.709
620,25.751
621,25.794
622,25.836
623,25.879
624,25.921
625,25.964
626,26.006
627,26.048
628,26.091
629,26.133
630,26.176
631,26.218
632,26.26
633,26.303
634,26.345
635,26.387
636,26.43
637,26.472
638,26.515
639,26.557
640,26.599
641,26.642
642,26.684
643,26.726
644,26.769
645,26.811
646,26.853
647,26.896
648,26.938
649,26.98
650,27.022
651,27.065
652,27.107
653,27.149
654,27.192
655,27.234
656,27.276
657,27.318
658,27.361
659,27.403
660,27.445
661,27.487
662,27.529
663,27.572
664,27.614
665,27.656
666,27.698
667,27.74
668,27.783
669,27.825
670,27.867
671,27.909
672,27.951
673,27.993
674,28.035
675,28.078
676,28.12
677,28.162
678,28.204
679,28.246
680,28.288
681,28.33
682,28.372
683,28.414
684,28.456
685,28.498
686,28.54
687,28.583
688,28.625
689,28.667
690,28.709
691,28.751
692,28.793
693,28.835
694,28.877
695,28.919
696,28.961
697,29.002
698,29.044
699,29.086
700,29.128
701,29.17
702,29.212
703,29.254
704,29.296
705,29.338
706,29.38
707,29.422
708,29.464
709,29.505
710,29.547
711,29.589
712,29.631
713,29.673
714,29.715
715,29.756
716,29.798
717,29.84
718,29.882
719,29.924
720,29.965
721,30.007
722,30.049
723,30.091
724,30.132
725,30.174
726,30.216
727,30.257
728,30.299
729,30.341
730,30.383
731,30.424
732,30.466
733,30.508
734,30.549
735,30.591
736,30.632
737,30.674
738,30.716
739,30.757
740,30.799
741,30.84
742,30.882
743,30.924
744,30.965
745,31.007
746,31.048
747,31.09
748,31.131
749,31.173
750,31.214
751,31.256
752,31.297
753,31.339
754,31.38
755,31.422
756,31.463
757,31.504
758,31.546
759,31.587
760,31.629
761,31.67
762,31.712
763,31.753
764,31.794
765,31.836
766,31.877
767,31.918
768,31.96
769,32.001
770,32.042
771,32.084
772,32.125
773,32.166
774,32.207
775,32.249
776,32.29
777,32.331
778,32.372
779,32.414
780,32.455
781,32.496
782,32.537
783,32.578
784,32.619
785,32.661
786,32.702
787,32.743
788,32.784
789,32.825
790,32.866
791,32.907
792,32.948
793,32.99
794,33.031
795,33.072
796,33.113
797,33.154
798,33.195
799,33.236
800,33.277
801,33.318
802,33.359
803,33.4
804,33.441
805,33.482
806,33.523
807,33.564
808,33.604
809,33.645
810,33.686
811,33.727
812,33.768
813,33.809
814,33.85
815,33.891
816,33.931
817,33.972
818,34.013
819,34.054
820,34.095
821,34.136
822,34.176
823,34.217
824,34.258
825,34.299
826,34.339
827,34.38
828,34.421
829,34.461
830,34.502
831,34.543
832,34.583
833,34.624
834,34.665
835,34.705
836,34.746
837,34.787
838,34.827
839,34.868
840,34.909
841,34.949
842,34.99
843,35.03
844,35.071
845,35.111
846,35.152
847,35.192
848,35.233
849,35.273
850,35.314
851,35.354
852,35.395
853,35.435
854,35.476
855,35.516
856,35.557
857,35.597
858,35.637
859,35.678
860,35.718
861,35.758
862,35.799
863,35.839
864,35.88
865,35.92
866,35.96
867,36
868,36.041
869,36.081
870,36.121
871,36.162
872,36.202
873,36.242
874,36.282
875,36.323
876,36.363
877,36.403
878,36.443
879,36.483
880,36.524
881,36.564
882,36.604
883,36.644
884,36.684
885,36.724
886,36.764
887,36.804
888,36.844
889,36.885
890,36.925
891,36.965
892,37.005
893,37.045
894,37.085
895,37.125
896,37.165
897,37.205
898,37.245
899,37.285
900,37.325
901,37.365
902,37.405
903,37.445
904,37.484
905,37.524
906,37.564
907,37.604
908,37.644
909,37.684
910,37.724
911,37.764
912,37.803
913,37.843
914,37.883
915,37.923
916,37.963
917,38.002
918,38.042
919,38.082
920,38.122
921,38.162
922,38.201
923,38.241
924,38.281
925,38.32
926,38.36
927,38.4
928,38.439
929,38.479
930,38.519
931,38.558
932,38.598
933,38.638
934,38.677
935,38.717
936,38.756
937,38.796
938,38.836
939,38.875
940,38.915
941,38.954
942,38.994
943,39.033
944,39.073
945,39.112
946,39.152
947,39.191
948,39.231
949,39.27
950,39.31
951,39.349
952,39.388
953,39.428
954,39.467
955,39.507
956,39.546
957,39.585
958,39.625
959,39.664
960,39.703
961,39.743
962,39.782
963,39.821
964,39.861
965,39.9
966,39.939
967,39.979
968,40.018
969,40.057
970,40.096
971,40.136
972,40.175
973,40.214
974,40.253
975,40.292
976,40.332
977,40.371
978,40.41
979,40.449
980,40.488
981,40.527
982,40.566
983,40.605
984,40.645
985,40.684
986,40.723
987,40.762
988,40.801
989,40.84
990,40.879
991,40.918
992,40.957
993,40.996
994,41.035
995,41.074
996,41.113
997,41.152
998,41.191
999,41.23
1000,41.269
1001,41.308
1002,41.347
1003,41.385
1004,41.424
1005,41.463
1006,41.502
1007,41.541
1008,41.58
1009,41.619
1010,41.657
1011,41.696
1012,41.735
1013,41.774
1014,41.813
1015,41.851
1016,41.89
1017,41.929
1018,41.968
1019,42.006
1020,42.045
1021,42.084
1022,42.123
1023,42.161
1024,42.2
1025,42.239
1026,42.277
1027,42.316
1028,42.355
1029,42.393
1030,42.432
1031,42.47
1032,42.509
1033,42.548
1034,42.586
1035,42.625
1036,42.663
1037,42.702
1038,42.74
1039,42.779
1040,42.817
1041,42.856
1042,42.894
1043,42.933
1044,42.971
1045,43.01
1046,43.048
1047,43.087
1048,43.125
1049,43.164
1050,43.202
1051,43.24
1052,43.279
1053,43.317
1054,43.356
1055,43.394
1056,43.432
1057,43.471
1058,43.509
1059,43.547
1060,43.585
1061,43.624
1062,43.662
1063,43.7
1064,43.739
1065,43.777
1066,43.815
1067,43.853
1068,43.891
1069,43.93
1070,43.968
1071,44.006
1072,44.044
1073,44.082
1074,44.121
1075,44.159
1076,44.197
1077,44.235
1078,44.273
1079,44.311
1080,44.349
1081,44.387
1082,44.425
1083,44.463
1084,44.501
1085,44.539
1086,44.577
1087,44.615
1088,44.653
1089,44.691
1090,44.729
1091,44.767
1092,44.805
1093,44.843
1094,44.881
1095,44.919
1096,44.957
1097,44.995
1098,45.033
1099,45.07
1100,45.108
1101,45.146
1102,45.184
1103,45.222
1104,45.26
1105,45.297
1106,45.335
1107,45.373
1108,45.411
1109,45.448
1110,45.486
1111,45.524
1112,45.561
1113,45.599
1114,45.637
1115,45.675
1116,45.712
1117,45.75
1118,45.787
1119,45.825
1120,45.863
1121,45.9
1122,45.938
1123,45.975
1124,46.013
1125,46.051
1126,46.088
1127,46.126
1128,46.163
1129,46.201
1130,46.238
1131,46.275
1132,46.313
1133,46.35
1134,46.388
1135,46.425
1136,46.463
1137,46.5
1138,46.537
1139,46.575
1140,46.612
1141,46.649
1142,46.687
1143,46.724
1144,46.761
1145,46.799
1146,46.836
1147,46.873
1148,46.91
1149,46.948
1150,46.985
1151,47.022
1152,47.059
1153,47.096
1154,47.134
1155,47.171
1156,47.208
1157,47.245
1158,47.282
1159,47.319
1160,47.356
1161,47.393
1162,47.43
1163,47.468
1164,47.505
1165,47.542
1166,47.579
1167,47.616
1168,47.653
1169,47.689
1170,47.726
1171,47.763
1172,47.8
1173,47.837
1174,47.874
1175,47.911
1176,47.948
1177,47.985
1178,48.021
1179,48.058
1180,48.095
1181,48.132
1182,48.169
1183,48.205
1184,48.242
1185,48.279
1186,48.316
1187,48.352
1188,48.389
1189,48.426
1190,48.462
1191,48.499
1192,48.536
1193,48.572
1194,48.609
1195,48.645
1196,48.682
1197,48.718
1198,48.755
1199,48.792
1200,48.828
1201,48.865
1202,48.901
1203,48.937
1204,48.974
1205,49.01
1206,49.047
1207,49.083
1208,49.12
1209,49.156
1210,49.192
1211,49.229
1212,49.265
1213,49.301
1214,49.338
1215,49.374
1216,49.41
1217,49.446
1218,49.483
1219,49.519
1220,49.555
1221,49.591
1222,49.627
1223,49.663
1224,49.7
1225,49.736
1226,49.772
1227,49.808
1228,49.844
1229,49.88
1230,49.916
1231,49.952
1232,49.988
1233,50.024
1234,50.06
1235,50.096
1236,50.132
1237,50.168
1238,50.204
1239,50.24
1240,50.216
1241,50.311
1242,50.347
1243,50.383
1244,50.419
1245,50.455
1246,50.491
1247,50.526
1248,50.562
1249,50.598
1250,50.633
1251,50.669
1252,50.705
1253,50.741
1254,50.776
1255,50.812
1256,50.847
1257,50.883
1258,50.919
1259,50.954
1260,50.99
1261,51.025
1262,51.061
1263,51.096
1264,51.132
1265,51.167
1266,51.203			
1267,51.238			
1268,51.274			
1269,51.309			
1270,51.344			
1271,51.38			
1272,51.415			
1273,51.45			
1274,51.486			
1275,51.521			
1276,51.556			
1277,51.592			
1278,51.627			
1279,51.662			
1280,51.697			
1281,51.733			
1282,51.768
1283,51.803
1284,51.838
1285,51.873
1286,51.908
1287,51.943
1288,51.979
1289,52.014
1290,52.049
1291,52.084
1292,52.119
1293,52.154
1294,52.189
1295,52.224
1296,52.259
1297,52.294
1298,52.329
1299,52.364
1300,52.398
1301,52.433
1302,52.468
1303,52.503
1304,52.538
1305,52.573
1306,52.608
1307,52.642
1308,52.677
1309,52.712
1310,52.747
1311,52.781
1312,52.816
1313,52.851
1314,52.886
1315,52.92
1316,52.955
1317,52.989
1318,53.024
1319,53.059
1320,53.093
1321,53.128
1322,53.162
1323,53.197
1324,53.232
1325,53.266
1326,53.301
1327,53.335
1328,53.37
1329,53.404
1330,53.439
1331,53.473
1332,53.507
1333,53.542
1334,53.576
1335,53.611
1336,53.645
1337,53.679
1338,53.714
1339,53.748
1340,53.782
1341,53.817
1342,53.851
1343,53.885
1344,53.92
1345,53.954
1346,53.988
1347,54.022
1348,54.057
1349,54.091
1350,54.125
1351,54.159
1352,54.193
1353,54.228
1354,54.262
1355,54.296
1356,54.33
1357,54.364
1358,54.398
1359,54.432
1360,54.466
1361,54.501
1362,54.535
1363,54.569
1364,54.603
1365,54.637
1366,54.671
1367,54.705
1368,54.739
1369,54.773
1370,54.807
1371,54.841
1372,54.875
