 8.70E+04   4.22E-02
 6.86E+04   4.74E-02
 5.83E+04   5.17E-02
 4.90E+04   5.75E-02
 4.00E+04   6.53E-02
 3.18E+04   7.52E-02
 2.57E+04   8.56E-02
 2.16E+04   9.66E-02
 1.75E+04   1.13E-01
 1.46E+04   1.30E-01
 1.23E+04   1.49E-01
 1.10E+04   1.64E-01
 9.68E+03   1.84E-01
 8.58E+03   2.05E-01
 7.59E+03   2.31E-01
 6.74E+03   2.60E-01
 6.09E+03   2.89E-01
 5.72E+03   3.09E-01
 5.41E+03   3.28E-01
 4.91E+03   3.67E-01
 4.41E+03   4.17E-01
 3.97E+03   4.76E-01
 3.63E+03   5.35E-01
 3.31E+03   6.11E-01
 3.06E+03   6.86E-01
 2.85E+03   7.65E-01
 2.66E+03   8.56E-01
 2.50E+03   9.50E-01
 2.37E+03   1.05E+00
 2.25E+03   1.15E+00
 2.20E+03   1.20E+00
 2.11E+03   1.30E+00
 2.04E+03   1.40E+00
 1.92E+03   1.60E+00
 1.82E+03   1.80E+00
 1.75E+03   2.00E+00
 1.69E+03   2.20E+00
 1.63E+03   2.40E+00
 1.59E+03   2.60E+00
 1.55E+03   2.80E+00
 1.52E+03   3.00E+00
 1.49E+03   3.20E+00
 1.46E+03   3.40E+00
 1.44E+03   3.60E+00
 1.42E+03   3.80E+00
 1.40E+03   3.99E+00
 1.38E+03   4.20E+00
 1.35E+03   4.59E+00
 1.32E+03   5.00E+00
 1.30E+03   5.51E+00
 1.26E+03   6.22E+00
 1.24E+03   7.04E+00
 1.21E+03   8.06E+00
 1.19E+03   9.08E+00
 1.17E+03   1.01E+01
 1.16E+03   1.11E+01
 1.14E+03   1.21E+01
 1.13E+03   1.32E+01
 1.13E+03   1.42E+01
 1.12E+03   1.52E+01
 1.11E+03   1.61E+01
 1.11E+03   1.71E+01
 1.10E+03   1.81E+01
 1.10E+03   1.91E+01
 1.09E+03   2.01E+01
 1.09E+03   2.11E+01
 1.08E+03   2.27E+01
 1.08E+03   2.43E+01
 1.07E+03   2.59E+01
 1.07E+03   2.75E+01
 1.07E+03   2.92E+01
 1.06E+03   3.10E+01
 1.06E+03   3.31E+01
 1.06E+03   3.61E+01
 1.05E+03   3.91E+01
 1.05E+03   4.21E+01
 1.05E+03   4.51E+01
